12 9
18.0429 8.46931 16.8169 17.1464 19.5775 4.24238 7.19885 16.4976 5.96517
11.8964 10.252 13.5049 7.83369 11.0252 20.449 19.6751 13.6518 15.4038
3.04089 13.0346 0.350052 5.21595 2.94703 17.2696 3.36466 8.61022 2.78723
2.33665 21.4517 4.68703 11.0151 18.0198 13.1563 6.35723 13.6913 11.259
10.5996 20.8902 6.28175 16.5648 11.3118 16.5338 8.59484 19.1454 6.08414
7.56899 17.3458 19.7359 1.49798 20.3866 11.2957 1.84804 4.12776 14.2427
19.1176 7.49242 1.37807 0.429992 9.82907 1.35497 5.11702 20.8442 19.3748
18.2734 5.7266 11.5913 8.05751 16.3262 11.0066 14.3393 11.4162 0.843539
9.3982 20.011 19.989 15.4823 6.10515 15.8599 13.7434 7.60314 14.7717
3.56427 9.45117 18.8995 17.807 7.09394 4.91705 19.185 7.52393 14.7461
20.54 12.641 14.1155 18.4399 9.43948 19.8421 8.55636 17.497 14.6935
19.563 10.3614 4.63481 20.4065 19.7596 3.17097 18.9207 13.7671 9.27613 
